4294967279,511
4294967279,510
4294967279,509
4294967279,508
4294967279,507
4294967279,506
4294967279,505
4294967279,504
4294967279,503
4294967279,502
4294967279,501
4294967279,500
4294967279,499
4294967279,498
4294967279,497
4294967279,496
4294967279,495
4294967279,494
4294967279,493
4294967279,492
4294967279,491
4294967279,490
4294967279,489
4294967279,488
4294967279,487
4294967279,486
4294967279,485
4294967279,484
4294967279,483
4294967279,482
4294967279,481
4294967279,480
4294967279,479
4294967279,478
4294967279,477
4294967279,476
4294967279,475
4294967279,474
4294967279,473
4294967279,472
4294967279,471
4294967279,470
4294967279,469
4294967279,468
4294967279,467
4294967279,466
4294967279,465
4294967279,464
4294967279,463
4294967279,462
4294967279,461
4294967279,460
4294967279,459
4294967279,458
4294967279,457
4294967279,456
4294967279,455
4294967279,454
4294967279,453
4294967279,452
4294967279,451
4294967279,450
4294967279,449
4294967278,383
4294967278,382
4294967279,448
4294967278,381
4294967279,447
4294967278,380
4294967279,446
4294967278,379
4294967279,445
4294967278,378
4294967279,444
4294967278,377
4294967279,443
4294967279,442
4294967279,441
4294967278,376
4294967279,440
4294967278,375
4294967278,374
4294967279,439
4294967278,373
4294967278,372
4294967279,438
4294967279,437
4294967279,436
4294967278,371
4294967278,370
4294967279,435
4294967279,434
4294967278,369
4294967278,368
4294967278,367
4294967279,433
4294967279,432
4294967278,366
4294967279,431
4294967278,365
4294967278,364
4294967279,430
4294967278,363
4294967278,362
4294967279,429
4294967279,428
4294967278,361
4294967278,360
4294967279,427
4294967279,426
4294967278,359
4294967279,425
4294967278,358
4294967279,424
4294967278,357
4294967278,356
4294967279,423
4294967279,422
4294967279,421
4294967278,355
4294967278,354
4294967279,420
4294967279,419
4294967278,353
4294967279,418
4294967278,352
4294967279,417
4294967278,351
4294967279,416
4294967278,350
4294967279,415
4294967278,349
4294967279,414
4294967278,348
4294967279,413
4294967278,347
4294967278,346
4294967279,412
4294967278,345
4294967279,411
4294967279,410
4294967278,344
4294967279,409
4294967278,343
4294967279,408
4294967278,342
4294967279,407
4294967278,341
4294967279,406
4294967278,340
4294967279,405
4294967278,339
4294967279,404
4294967278,338
4294967279,403
4294967278,337
4294967279,402
4294967278,336
4294967279,401
4294967278,335
4294967279,400
4294967278,334
4294967279,399
4294967278,333
4294967279,398
4294967278,332
4294967279,397
4294967278,331
4294967279,396
4294967278,330
4294967279,395
4294967278,329
4294967279,394
4294967278,328
4294967279,393
4294967278,327
4294967279,392
4294967278,326
4294967279,391
4294967278,325
4294967279,390
4294967278,324
4294967279,389
4294967278,323
4294967279,388
4294967278,322
4294967279,387
4294967278,321
4294967279,386
4294967278,320
4294967279,385
4294967278,319
4294967278,318
4294967278,317
4294967279,384
4294967279,319
4294967278,316
4294967279,318
4294967278,315
4294967279,317
4294967278,314
4294967279,316
4294967278,313
4294967279,315
4294967278,312
4294967279,314
4294967279,313
4294967279,312
4294967294,475
16,7
4294967294,474
4294967279,311
16,6
16,5
15,6
4294967294,473
15,5
18,4
18,3
18,2
18,1
17,4
17,3
17,2
17,1
4294967279,310
16,4
16,3
16,2
16,1
4294967294,1424
4294967294,1087
15,4
15,3
15,2
15,1
4294967279,309
14,4
14,3
14,2
14,1
4294967294,471
4294967294,1166
4294967278,310
4294967293,131
4294967293,130
4294967293,129
4294967293,128
4294967293,127
4294967293,126
4294967293,125
4294967293,124
4294967293,123
4294967293,122
4294967293,121
4294967293,120
4294967293,119
4294967293,118
4294967293,117
4294967293,116
4294967293,115
4294967293,114
4294967293,113
4294967293,112
4294967293,111
4294967293,110
4294967293,109
4294967293,108
4294967293,107
4294967293,106
4294967293,105
4294967293,104
4294967293,103
4294967293,102
4294967293,101
4294967293,100
4294967293,99
4294967293,98
4294967293,97
4294967293,96
4294967293,95
4294967293,94
4294967293,93
4294967293,92
4294967293,91
4294967293,90
4294967293,89
4294967293,88
4294967293,87
4294967293,86
4294967293,85
4294967293,84
4294967293,83
4294967293,82
4294967293,81
4294967293,80
4294967293,79
4294967293,78
4294967293,77
4294967293,76
4294967293,75
4294967293,74
4294967293,73
4294967293,72
4294967293,71
4294967293,70
4294967293,69
4294967293,68
4294967293,67
4294967293,66
4294967293,65
4294967293,64
4294967293,63
4294967293,62
4294967293,61
4294967293,60
4294967293,59
4294967293,58
4294967293,57
4294967293,56
4294967293,55
4294967293,54
4294967293,53
4294967293,52
4294967293,51
4294967293,50
4294967293,49
4294967293,48
4294967293,47
4294967293,46
4294967293,45
4294967293,44
4294967293,43
4294967293,42
4294967293,41
4294967293,40
